              precision    recall  f1-score   support

    airplane     0.9139    0.8600    0.8861      1000
  automobile     0.9396    0.8870    0.9126      1000
        bird     0.9360    0.8050    0.8656      1000
         cat     0.8225    0.7370    0.7774      1000
        deer     0.8084    0.8650    0.8357      1000
         dog     0.8387    0.8840    0.8608      1000
        frog     0.8671    0.9200    0.8928      1000
       horse     0.8994    0.8940    0.8967      1000
        ship     0.9094    0.9340    0.9216      1000
       truck     0.8213    0.9470    0.8797      1000

    accuracy                         0.8733     10000
   macro avg     0.8757    0.8733    0.8729     10000
weighted avg     0.8757    0.8733    0.8729     10000
